0,615898	0,615898	p
1,724515	1,724515	p
2,808496	2,808496	p
3,917113	3,917113	p
4,976458	4,976458	p
6,109710	6,109710	p
7,169055	7,169055	p
8,302308	8,302308	p
9,386289	9,386289	p
10,494906	10,494906	p
11,603522	11,603522	p
12,712139	12,712139	p
13,820756	13,820756	p
14,855465	14,855465	p
15,964082	15,964082	p
17,097334	17,097334	p
18,205951	18,205951	p
19,289932	19,289932	p
20,423185	20,423185	p
21,457894	21,457894	p
22,591146	22,591146	p
23,625855	23,625855	f
24,217118	24,217118	f
24,857652	24,857652	f
25,498186	25,498186	f
26,114084	26,114084	f
26,779254	26,779254	f
27,419788	27,419788	f
