0,587635	0,587635	p
1,686257	1,686257	p
2,810428	2,810428	p
3,857951	3,857951	p
4,982122	4,982122	p
6,055195	6,055195	p
7,128268	7,128268	p
8,226889	8,226889	p
9,351061	9,351061	p
10,449683	10,449683	p
11,548304	11,548304	p
12,621377	12,621377	p
13,745548	13,745548	p
14,844170	14,844170	p
15,942792	15,942792	p
17,015864	17,015864	p
18,140036	18,140036	p
19,238658	19,238658	p
20,286181	20,286181	p
21,384803	21,384803	p
22,483424	22,483424	p
23,505398	23,505398	f
24,144132	24,144132	f
24,757316	24,757316	f
25,396050	25,396050	f
26,009234	26,009234	f
26,647968	26,647968	f
27,286702	27,286702	f
