0,565903	0,565903	p
1,603391	1,603391	p
2,805934	2,805934	p
3,819843	3,819843	p
4,857331	4,857331	p
6,012715	6,012715	p
7,191679	7,191679	p
8,252746	8,252746	p
9,290234	9,290234	p
10,445619	10,445619	p
11,577424	11,577424	p
12,685650	12,685650	p
13,817455	13,817455	p
14,878522	14,878522	p
15,868852	15,868852	p
17,071395	17,071395	p
18,226779	18,226779	p
19,287847	19,287847	p
20,372493	20,372493	p
21,457140	21,457140	p
22,471049	22,471049	f
23,084110	23,084110	f
23,815068	23,815068	f
24,380970	24,380970	f
24,970452	24,970452	f
25,654251	25,654251	f
26,243733	26,243733	f
