0,910379	0,910379	p
1,976824	1,976824	p
3,121300	3,121300	p
4,187745	4,187745	p
5,280200	5,280200	p
6,372655	6,372655	p
7,465110	7,465110	p
8,557565	8,557565	p
9,650020	9,650020	p
10,768486	10,768486	p
11,834930	11,834930	p
12,927385	12,927385	p
14,045851	14,045851	p
15,164317	15,164317	p
16,256772	16,256772	p
17,349228	17,349228	p
18,441683	18,441683	p
19,534138	19,534138	p
20,626593	20,626593	p
21,745059	21,745059	p
22,863525	22,863525	p
23,877947	23,877947	f
24,502207	24,502207	f
25,126468	25,126468	f
25,750728	25,750728	f
26,374988	26,374988	f
26,999248	26,999248	f
