0,693261	0,693261	p
1,779370	1,779370	p
2,911696	2,911696	p
3,974696	3,974696	p
5,107022	5,107022	p
6,193131	6,193131	p
7,279240	7,279240	p
8,388458	8,388458	p
9,451458	9,451458	p
10,560675	10,560675	p
11,669893	11,669893	p
12,756002	12,756002	p
13,842111	13,842111	p
14,951328	14,951328	p
16,037437	16,037437	p
17,146654	17,146654	p
18,209655	18,209655	p
19,341981	19,341981	p
20,474307	20,474307	p
21,444872	21,444872	f
22,068807	22,068807	f
22,692742	22,692742	f
23,362894	23,362894	f
24,056155	24,056155	f
24,633873	24,633873	f
25,211590	25,211590	f
25,789308	25,789308	f
